[  8.49927191e-02   4.99470279e+00  -8.69644049e-01   5.78901313e-02
  -1.18942558e+00   2.74194164e+00  -8.07701039e-02  -2.98822461e-02
   7.78534249e-02  -2.55141998e-01  -8.74186966e-02  -2.43411909e-02
   2.71681913e-02  -1.12906051e-01   1.03392327e-01   2.22212115e-01
   1.30494763e-01  -3.63793684e-02   8.05811712e-02   1.11767007e-01
   5.45389236e-02   2.46611621e-01   1.94487867e-01  -7.91739174e-02
  -1.03514000e-02  -3.91252567e-02  -2.72143866e-02   1.60561628e-01
   7.85531596e-03   7.19550461e-02  -2.37320112e-02   1.84227770e-02
  -1.59078893e-01  -1.33233147e-01  -4.81981627e-02  -8.71947540e-02
  -2.22795648e-01   1.29120787e-01   1.41958785e-01   2.45198147e-02
  -7.54146257e-02  -1.27301513e-01   7.49107036e-03   7.47542964e-02
   1.47539493e-01  -3.19845399e-02  -1.53365015e-01  -1.68404909e-01
  -9.21460274e-02  -1.52608414e-01  -1.78884533e-01   5.89720138e-02
   3.28772144e-02   7.07887572e-02  -9.51890128e-02  -1.02831660e-01
  -8.92320390e-02  -1.10712910e-01   3.33674197e-02  -8.83937781e-02
  -3.61213447e-02   6.18731980e-02   2.82703686e-02   5.79084135e-02
  -2.45354852e-01   9.55157432e-04   1.64541290e-02   6.75349025e-02
  -7.37432707e-02  -1.92181601e-02  -1.18855170e-01   1.69718134e-01
   6.73424342e-02   8.33467660e-02   1.00221945e-01  -2.98187049e-01
  -4.32070272e-02  -5.14745461e-02  -2.74301735e-03   5.11941578e-03
   2.86951164e-02   1.79245770e-01   1.27523541e-01   6.69863435e-02
  -2.19021308e-02  -1.96993992e-01   2.70683299e-03  -2.97036071e-01
   1.94295095e-02   1.48541313e-01  -7.12240177e-02  -1.24419786e-01
   4.74481229e-02  -7.60840728e-02  -3.58026356e-02  -4.47407441e-02
   1.33798061e-01  -1.29072225e-01  -1.03908863e-01   9.77307879e-03
  -3.33000235e-02  -1.14402868e-02  -1.24354824e-01  -1.10935927e-01
  -1.20487725e-01  -7.01087636e-02  -9.37823949e-05  -8.99877659e-02
  -1.92201917e-02  -1.18780445e-01  -1.92906593e-01  -8.56665033e-03
   3.47795076e-02  -3.68058970e-02   1.19570267e-02   9.91293613e-02
  -1.24483250e-02  -4.07760767e-02   6.47877048e-02   6.78858109e-02
   2.47304278e-03   1.14228710e-01   4.08200381e-02   5.93235879e-02
  -1.68806169e-01   1.01379524e-01  -1.67807715e-02  -3.43348109e-02
  -9.26852918e-02  -1.61602676e-01  -1.12137697e-02  -9.19136170e-02
  -1.95486346e-02  -7.94842263e-02  -2.24719607e-01   1.81446508e-01
   7.82141874e-02  -9.78668498e-02   4.12746603e-02   1.51490882e-01
   1.80874822e-01   4.40934203e-02  -2.96660479e-02   2.05100157e-01
   9.35271718e-02   9.31291330e-03  -8.17412669e-02   1.19585633e-01
   2.21198890e-01   1.47557847e-01  -2.27129045e-02  -9.93160253e-02
  -8.54174385e-02  -9.06505194e-02   2.86960511e-02  -4.56556203e-02
  -2.66835017e-03  -4.50208898e-02  -6.41856987e-02  -5.94176340e-02
   2.05783340e-01  -1.28125161e-01   5.07404081e-02   5.70458890e-02
  -2.00765897e-02  -7.31442942e-02  -4.12880012e-02  -2.76179329e-01
  -6.70093095e-02   9.32287867e-02   1.25311246e-02  -8.48900705e-03
   1.74517435e-03   1.63276876e-01   1.88832915e-01   2.71115829e-02
   4.18011043e-02  -3.87938541e-03   2.54927748e-03   3.87263926e-03
  -1.58220649e-02  -4.58760962e-02  -9.82400873e-02   7.93637686e-02
  -3.98431173e-02   1.56774843e-02   4.56662048e-02   1.67622442e-01
   1.11608757e-01  -6.14004720e-03   6.83863108e-02  -7.53553638e-04
   5.08202580e-02  -1.79459200e-01   1.80032761e-01  -8.22952589e-02
   3.14918695e-02   1.09632704e-01  -2.63831715e-01  -8.55178105e-02
   3.72072139e-02  -6.56721452e-02   2.28041104e-01   2.17474542e-01
   8.56274156e-02   5.38026167e-02  -5.81678349e-02   6.19099903e-02
   1.24795525e-01   2.28373175e-01  -2.31701892e-01   8.00867725e-03
   5.02929162e-02  -1.38198386e-01  -5.38012676e-02   8.76978684e-02
  -2.95670653e-01   1.07430784e-01   1.70126246e-01   5.44854015e-02
   2.16510720e-01   4.14417144e-02  -9.20426118e-02   7.97887386e-02
   9.75009556e-02   4.45243121e-02   1.58304862e-02  -1.00509066e-01
  -8.19152114e-02   1.79892768e-01   1.75044866e-01  -2.02989147e-01
   1.31985511e-01  -1.48163147e-01  -1.95340571e-02   2.12178163e-02
  -1.49817038e-01  -9.96951696e-02  -7.45903707e-02   5.84352387e-02
   1.71904281e-01  -7.23562201e-02  -1.68614694e-02  -1.31479477e-01
  -1.03055691e-01  -1.13648133e-01   1.53993449e-01   2.77391719e-01
  -8.11496929e-02  -1.97040086e-01   5.61339697e-02  -1.39904135e-01
   2.02059063e-01  -1.84757543e-01   2.48912520e-01   8.10456214e-02
  -1.19927613e-02   1.00158909e-01  -4.12527564e-02  -5.63403852e-02
  -7.18926377e-02   1.47092970e-01   1.56771704e-01  -4.33664322e-04
   2.89568409e-01  -8.08146074e-02   6.39825689e-02  -3.06113622e-01
   2.03224554e-02  -1.54416962e-01   1.78946685e-01   1.77533750e-01
   1.52500627e-01  -2.11276828e-02  -1.81239892e-01  -1.04267475e-01
  -1.43922904e-01   9.25483065e-02  -2.20981282e-01  -7.05499982e-03
  -1.44606547e-01  -2.20791179e-01   1.86806572e-01   6.79614556e-02
   3.78744700e-03   1.43560925e-01   9.70346572e-02   7.80356873e-02
  -5.70103508e-02  -2.69201220e-01   9.97550911e-02   1.05257542e-01
  -1.64092779e-01   1.99385488e-02  -6.42896547e-02  -1.77545428e-02
   1.99939337e-01   5.87283702e-02   1.77455114e-01  -2.91637060e-01
   7.71195338e-02  -3.08811872e-02  -8.01209820e-02  -1.93699467e-01
   7.92742312e-02   5.90338141e-02   6.86029806e-02  -3.75796435e-01
   9.71367496e-02  -4.58118872e-02   2.45115174e-02   1.50813796e-01
  -9.64746631e-02   7.27204738e-02  -1.91148395e-03  -7.35204360e-02
   9.90365208e-02  -6.37546046e-02  -3.81273427e-02   1.96421500e-01
  -4.57475781e-02   9.26926398e-02   1.06654671e-01  -9.82712219e-02
   2.94242210e-01  -7.02500619e-02  -4.62741129e-03   1.52187268e-01
  -2.87955368e-02  -6.67736468e-02  -1.23207370e-01  -1.21060434e-01
  -1.75071416e-01   1.12534837e-01  -4.22690810e-02   6.97225135e-02
  -1.54507744e-02   7.70807880e-02  -4.97398733e-02   9.24380842e-02
   1.85616838e-01   1.72754752e-01   1.25284605e-02  -1.21939638e-01
  -8.57265274e-02   3.31021830e-02  -8.74758187e-02  -6.56712561e-02
   3.08272872e-01   3.39298620e-01  -1.49714466e-03   2.00117457e-01
  -2.19584345e-01   1.69372157e-01   1.51717942e-01  -2.44574027e-01
  -8.56271749e-02   1.53267138e-03   2.77511557e-01   1.35391252e-02
  -9.71914546e-02  -8.12051544e-02   1.62112303e-02   6.29775027e-02
   2.37087692e-01   5.47901547e-02  -1.86173948e-02  -1.22089089e-01
  -1.75142850e-01  -8.50457684e-02  -3.84835649e-02  -1.44980008e-01
   4.23149996e-02  -6.16385849e-02  -7.94048135e-03   2.03800340e-01
   6.40915009e-02   1.41603004e-01  -9.69568378e-03  -1.20446687e-01
   2.17892061e-02  -2.18650544e-01   2.69950791e-01  -2.08722170e-01
   4.21962673e-02   1.06348242e-01   5.44023819e-02   2.21620840e-01
   1.64523588e-02  -1.52301983e-01  -1.64052729e-02  -3.11863861e-02
   4.27212974e-02   2.20622634e-01   9.94133877e-02   4.42097561e-02
   1.08556451e-01   1.05208502e-01  -4.19460477e-02   1.85778134e-01
  -1.99686442e-01  -2.23413717e-01  -2.08697501e-02   1.93614772e-02
   1.92726835e-01  -2.51135982e-01   1.94665737e-01   1.89854391e-04
  -1.12616461e-02  -1.64979463e-01  -3.66180593e-01  -4.16686415e-02
  -4.80991131e-02   1.99105617e-01   1.39962078e-02  -1.32985062e-01
  -9.17139143e-03  -7.48097941e-02   3.39828027e-02   2.70788064e-02
  -1.79269657e-01  -4.64125320e-03  -1.22980976e-01   2.74109986e-02
   2.93770607e-02  -6.65813079e-02   1.16404616e-01  -1.22257107e-01
  -2.23675505e-01   1.45280931e-01   1.56144730e-03  -5.41582031e-02
   1.18019489e-01  -1.34575998e-01  -2.80419941e-02  -2.64146756e-01
  -5.39558934e-03   2.41130264e-01   1.80758934e-01   1.53506556e-01
  -9.45977589e-02  -5.29744302e-02   1.00525718e-01   2.19729687e-01
  -6.87425071e-02  -1.61797588e-01   9.16677858e-02  -1.07182465e-01
   2.00868280e-01  -4.74490931e-02  -1.93214360e-02   1.23590448e-03
   8.14516108e-02   2.23691675e-01   7.60861399e-02   4.51042589e-02
  -1.85745798e-01   3.11654488e-01   1.13964070e-01   1.10075889e-01
   6.47535980e-02  -1.54912720e-01  -5.98828739e-02  -4.06414930e-02
  -1.05125654e-03  -1.00297439e-02   3.76615746e-02   4.61229033e-02
   1.64323168e-02   1.62090104e-01  -4.97991497e-02   2.17239170e-01
   4.26621247e-02   1.79755382e-01  -9.35572884e-02  -3.21293838e-02
  -7.82799724e-02   2.99794238e-03  -8.05900424e-02  -1.92464338e-02
  -1.62691197e-01   2.93379676e-02   2.45389488e-01   1.74979513e-01
  -1.76541570e-02   1.15234484e-01   1.04602227e-01  -1.42687261e-01
  -4.45414533e-02  -1.62558818e-01  -1.23598477e-02   5.75217555e-02
   7.62081813e-02   2.09704463e-01  -3.69752749e-02   1.50120838e-01
   5.76782389e-02   3.84421767e-02   2.30660263e-01  -4.43653809e-02
  -1.73229825e-01   1.22747503e-01  -4.94733446e-02  -6.36641538e-02
   3.16443247e-02  -1.13601164e-01]
